image_width: 640
image_height: 480
camera_name: narrow_stereo
camera_matrix:
  rows: 3
  cols: 3
  data: [548.242208, 0, 306.97118, 0, 548.603615, 216.037794, 0, 0, 1]
distortion_model: plumb_bob
distortion_coefficients:
  rows: 1
  cols: 5
  data: [-0.097897, 0.148789, -0.002545, 0.0005239999999999999, 0]
rectification_matrix:
  rows: 3
  cols: 3
  data: [1, 0, 0, 0, 1, 0, 0, 0, 1]
projection_matrix:
  rows: 3
  cols: 4
  data: [542.654907, 0, 307.465793, 0, 0, 543.6298829999999, 214.937251, 0, 0, 0, 1, 0]